[35, 31, 30, 30, 28]

[43, 46, 44, 44, 43, 42, 41]

[27, 26, 26, 28, 31, 34]

[9, 12, 9, 11, 14, 16, 17, 20]

[43, 43, 40, 37, 33]

[77, 77, 75, 74, 72, 72, 70, 67]

[77, 74, 73, 73, 70, 69, 67, 69]

[86, 86, 88, 90, 90]

[39, 39, 41, 44, 51]

[40, 40, 38, 38, 37, 40]

[68, 67, 69, 67, 64]

[31, 31, 31, 29, 25]

[97, 97, 94, 94, 91, 89, 85]

[19, 16, 16, 17, 14]

[76, 76, 74, 71, 70, 69, 69]

[77, 77, 79, 82, 83, 84, 86, 90]

[22, 19, 16, 14, 11, 14, 11]

[3, 3, 5, 8, 11, 13, 14, 19]

[89, 89, 86, 83, 80, 76, 77]

[40, 40, 41, 41, 42, 46]

[1, 1, 3, 4, 5, 5, 8]

[28, 28, 25, 22, 20, 18, 16, 16]

[62, 65, 64, 62, 62, 60, 59]

[73, 67, 67, 65, 64, 62, 60]

[39, 39, 42, 44, 47, 46, 49, 51]

[83, 83, 81, 80, 78, 73]

[74, 74, 77, 81, 79]

[63, 61, 61, 58, 56, 52]

[45, 45, 42, 39, 38, 37, 35, 37]

[49, 49, 48, 47, 45, 44, 42, 38]

[12, 16, 19, 20, 21, 21, 22, 24]

[8, 9, 10, 10, 11, 17]

[62, 66, 66, 67, 70, 72, 75]

[68, 64, 63, 62, 59, 59, 57, 54]

[63, 70, 71, 73, 75, 78, 78, 81]

[34, 37, 38, 38, 41, 43, 43]

[74, 74, 75, 73, 77]

[21, 21, 22, 22, 24, 27, 30, 37]

[68, 68, 71, 74, 76, 73]

[18, 16, 19, 21, 22, 22, 23]

[8, 8, 7, 7, 5]

[88, 87, 87, 86, 81]

[73, 73, 74, 76, 77, 77, 78, 77]

[12, 12, 12, 9, 6, 6]

[30, 33, 36, 39, 40, 40, 41, 45]

[74, 74, 75, 78, 78]

[69, 71, 72, 74, 74, 75, 76, 83]

[36, 34, 34, 32, 31, 29, 28, 28]

[85, 82, 81, 81, 78, 78]

[85, 85, 82, 79, 80, 78]

[31, 31, 28, 25, 19]

[93, 93, 90, 87, 84, 81, 84]

[53, 53, 56, 58, 60, 59]

